1.0000 -0.0012 0.0035 -0.0174 -0.0093 0.0243 -0.0324 0.0150 -0.0069 0.0440 0.0116 -0.0023 -0.0220 0.0000 0.0197 -0.0243 0.0023 0.0231 -0.0046 -0.0278 -0.0197 0.0637 0.0359 -0.0035 0.0139 -0.0023 0.0185 -0.0023 0.0069 0.0347 -0.0451 -0.0312
-0.0012 1.0000 -0.0000 -0.0324 -0.0035 -0.0023 0.0012 0.0023 -0.0058 -0.1007 0.0127 0.0613 -0.0185 -0.0475 0.0116 0.0787 -0.0289 -0.0174 0.0035 -0.0104 0.0347 -0.0486 0.0278 0.0231 -0.0451 -0.0081 -0.0243 -0.0289 -0.0150 -0.0081 -0.0231 -0.0093
0.0035 -0.0000 1.0000 -0.0162 -0.0081 -0.0486 0.0289 0.0116 0.0104 -0.0104 -0.0359 -0.0174 0.0116 0.0359 0.0023 0.0162 -0.0058 -0.0150 -0.0150 0.0266 0.0139 -0.0093 -0.0255 0.0486 0.0174 0.0012 -0.0104 -0.0197 0.0359 0.0336 -0.0139 -0.0046
-0.0174 -0.0324 -0.0162 1.0000 -0.0289 0.0185 -0.0012 -0.0208 -0.0336 0.0058 0.0243 -0.0289 0.0255 0.0127 0.0255 -0.0208 -0.0035 -0.0127 0.0382 -0.0243 0.0162 0.0208 -0.0162 -0.0069 0.0058 0.0197 0.0127 0.0289 -0.0127 -0.0081 -0.0116 -0.0162
-0.0093 -0.0035 -0.0081 -0.0289 1.0000 0.0127 0.0093 -0.0035 0.0116 -0.0417 0.0278 0.0069 0.0382 0.0116 0.0081 -0.0428 -0.0046 -0.0046 -0.0324 0.0023 -0.0220 -0.0382 -0.0035 0.0220 -0.0046 0.0000 -0.0069 -0.0278 -0.0000 0.0301 -0.0058 0.0197
0.0243 -0.0023 -0.0486 0.0185 0.0127 1.0000 -0.0451 0.0069 0.0382 -0.0081 -0.0336 -0.0313 -0.0069 0.0359 0.0093 -0.0370 0.0521 0.0312 -0.0220 -0.0220 -0.0046 0.0231 -0.0255 0.0231 0.0220 0.0220 0.0243 0.0127 0.0289 0.0127 0.0671 0.0370
-0.0324 0.0012 0.0289 -0.0012 0.0093 -0.0451 1.0000 -0.0081 0.0093 0.0255 0.0000 0.0671 0.0081 -0.0370 -0.0197 0.0243 -0.0093 0.0278 0.0093 -0.0301 0.0243 0.0035 0.0174 -0.0104 0.0394 0.0023 -0.0069 -0.0093 0.0069 -0.0208 -0.0243 0.0104
0.0150 0.0023 0.0116 -0.0208 -0.0035 0.0069 -0.0081 1.0000 0.0174 0.0150 0.0266 0.0637 -0.0278 -0.0058 0.0139 -0.0278 -0.0104 -0.0428 0.0012 -0.0336 0.0162 0.0324 0.0440 0.0046 0.0104 0.0127 0.0197 0.0405 -0.0289 0.0405 0.0324 0.0139
-0.0069 -0.0058 0.0104 -0.0336 0.0116 0.0382 0.0093 0.0174 1.0000 -0.0069 0.0625 -0.0116 -0.0058 0.0000 0.0174 0.0127 0.0046 -0.0069 0.0231 0.0231 0.0544 0.0266 0.0104 -0.0312 0.0093 0.0301 0.0370 -0.0301 0.0208 -0.0185 -0.0035 0.0613
0.0440 -0.1007 -0.0104 0.0058 -0.0417 -0.0081 0.0255 0.0150 -0.0069 1.0000 -0.0231 -0.0093 0.0197 -0.0301 -0.0289 -0.0336 -0.0069 0.0185 -0.0069 -0.0255 -0.0174 0.0150 -0.0150 0.0012 -0.0069 -0.0046 -0.0000 0.0231 -0.0069 -0.0440 0.0266 -0.0405
0.0116 0.0127 -0.0359 0.0243 0.0278 -0.0336 0.0000 0.0266 0.0625 -0.0231 1.0000 0.0116 -0.0104 0.0162 0.0289 0.0058 0.0093 0.0093 0.0116 0.0648 0.0081 -0.0035 -0.0104 0.0521 -0.0116 0.0370 0.0185 -0.0324 -0.0069 -0.0116 0.0289 -0.0058
-0.0023 0.0613 -0.0174 -0.0289 0.0069 -0.0313 0.0671 0.0637 -0.0116 -0.0093 0.0116 1.0000 -0.0081 0.0231 0.0035 -0.0058 -0.0347 0.0093 0.0023 0.0139 -0.0150 0.0035 -0.0104 -0.0243 0.0093 -0.0255 0.0602 -0.0069 -0.0394 -0.0301 -0.0567 0.0012
-0.0220 -0.0185 0.0116 0.0255 0.0382 -0.0069 0.0081 -0.0278 -0.0058 0.0197 -0.0104 -0.0081 1.0000 0.0012 0.0046 0.0023 0.0081 -0.0359 -0.0428 0.0127 -0.0486 -0.0162 -0.0231 0.0694 -0.0035 -0.0058 -0.0035 -0.0174 0.0197 0.0197 -0.0000 -0.0116
0.0000 -0.0475 0.0359 0.0127 0.0116 0.0359 -0.0370 -0.0058 0.0000 -0.0301 0.0162 0.0231 0.0012 1.0000 -0.0266 -0.0012 -0.0231 0.0023 -0.0463 0.0116 0.0475 0.0081 -0.0174 -0.0104 -0.0139 -0.0417 0.0255 0.0162 -0.0139 0.0394 0.0243 -0.0012
0.0197 0.0116 0.0023 0.0255 0.0081 0.0093 -0.0197 0.0139 0.0174 -0.0289 0.0289 0.0035 0.0046 -0.0266 1.0000 0.0278 -0.0220 -0.0174 0.0174 -0.0081 -0.0162 0.0046 0.0139 0.0116 0.0312 0.0104 0.0035 0.0567 0.0150 -0.0243 -0.0116 -0.0046
-0.0243 0.0787 0.0162 -0.0208 -0.0428 -0.0370 0.0243 -0.0278 0.0127 -0.0336 0.0058 -0.0058 0.0023 -0.0012 0.0278 1.0000 -0.0012 0.0081 0.0127 -0.0012 -0.0116 0.0139 0.0093 0.0278 0.0521 0.0127 -0.0035 0.0220 0.0035 -0.0035 0.0093 0.0324
0.0023 -0.0289 -0.0058 -0.0035 -0.0046 0.0521 -0.0093 -0.0104 0.0046 -0.0069 0.0093 -0.0347 0.0081 -0.0231 -0.0220 -0.0012 1.0000 0.0208 -0.0463 0.0116 0.0012 -0.0012 0.0498 -0.0150 0.0162 0.0370 0.0069 -0.0208 0.0185 0.0116 -0.0104 -0.0127
0.0231 -0.0174 -0.0150 -0.0127 -0.0046 0.0312 0.0278 -0.0428 -0.0069 0.0185 0.0093 0.0093 -0.0359 0.0023 -0.0174 0.0081 0.0208 1.0000 0.0255 -0.0394 -0.0012 0.0243 -0.0382 0.0382 -0.0023 0.0116 -0.0301 0.0185 0.0139 0.0324 0.0312 0.0243
-0.0046 0.0035 -0.0150 0.0382 -0.0324 -0.0220 0.0093 0.0012 0.0231 -0.0069 0.0116 0.0023 -0.0428 -0.0463 0.0174 0.0127 -0.0463 0.0255 1.0000 0.0093 0.0243 0.0590 0.0127 -0.0289 0.0231 0.0069 -0.0185 0.0116 -0.0208 -0.0046 -0.0174 0.0012
-0.0278 -0.0104 0.0266 -0.0243 0.0023 -0.0220 -0.0301 -0.0336 0.0231 -0.0255 0.0648 0.0139 0.0127 0.0116 -0.0081 -0.0012 0.0116 -0.0394 0.0093 1.0000 0.0150 0.0475 0.0081 -0.0220 -0.0162 -0.0000 -0.0278 -0.0093 -0.0208 -0.0023 -0.0289 -0.0127
-0.0197 0.0347 0.0139 0.0162 -0.0220 -0.0046 0.0243 0.0162 0.0544 -0.0174 0.0081 -0.0150 -0.0486 0.0475 -0.0162 -0.0116 0.0012 -0.0012 0.0243 0.0150 1.0000 0.0046 0.0000 -0.0278 0.0289 0.0104 -0.0058 0.0058 -0.0150 -0.0428 0.0162 0.0231
0.0637 -0.0486 -0.0093 0.0208 -0.0382 0.0231 0.0035 0.0324 0.0266 0.0150 -0.0035 0.0035 -0.0162 0.0081 0.0046 0.0139 -0.0012 0.0243 0.0590 0.0475 0.0046 1.0000 0.0069 -0.0069 -0.0127 0.0127 -0.0243 -0.0382 0.0498 0.0104 -0.0139 -0.0069
0.0359 0.0278 -0.0255 -0.0162 -0.0035 -0.0255 0.0174 0.0440 0.0104 -0.0150 -0.0104 -0.0104 -0.0231 -0.0174 0.0139 0.0093 0.0498 -0.0382 0.0127 0.0081 0.0000 0.0069 1.0000 0.0185 0.0336 0.0058 0.0104 -0.0058 -0.0382 -0.0035 -0.0532 0.0463
-0.0035 0.0231 0.0486 -0.0069 0.0220 0.0231 -0.0104 0.0046 -0.0312 0.0012 0.0521 -0.0243 0.0694 -0.0104 0.0116 0.0278 -0.0150 0.0382 -0.0289 -0.0220 -0.0278 -0.0069 0.0185 1.0000 -0.0035 -0.0127 -0.0012 0.0127 0.0127 0.0359 0.0417 0.0139
0.0139 -0.0451 0.0174 0.0058 -0.0046 0.0220 0.0394 0.0104 0.0093 -0.0069 -0.0116 0.0093 -0.0035 -0.0139 0.0312 0.0521 0.0162 -0.0023 0.0231 -0.0162 0.0289 -0.0127 0.0336 -0.0035 1.0000 -0.0023 0.0301 0.0486 -0.0069 -0.0278 0.0174 0.0451
-0.0023 -0.0081 0.0012 0.0197 0.0000 0.0220 0.0023 0.0127 0.0301 -0.0046 0.0370 -0.0255 -0.0058 -0.0417 0.0104 0.0127 0.0370 0.0116 0.0069 -0.0000 0.0104 0.0127 0.0058 -0.0127 -0.0023 1.0000 -0.0903 0.0324 0.0255 -0.0208 0.0035 0.0220
0.0185 -0.0243 -0.0104 0.0127 -0.0069 0.0243 -0.0069 0.0197 0.0370 -0.0000 0.0185 0.0602 -0.0035 0.0255 0.0035 -0.0035 0.0069 -0.0301 -0.0185 -0.0278 -0.0058 -0.0243 0.0104 -0.0012 0.0301 -0.0903 1.0000 -0.0162 0.0231 0.0231 0.0058 -0.0081
-0.0023 -0.0289 -0.0197 0.0289 -0.0278 0.0127 -0.0093 0.0405 -0.0301 0.0231 -0.0324 -0.0069 -0.0174 0.0162 0.0567 0.0220 -0.0208 0.0185 0.0116 -0.0093 0.0058 -0.0382 -0.0058 0.0127 0.0486 0.0324 -0.0162 1.0000 -0.0069 0.0255 -0.0428 0.0035
0.0069 -0.0150 0.0359 -0.0127 -0.0000 0.0289 0.0069 -0.0289 0.0208 -0.0069 -0.0069 -0.0394 0.0197 -0.0139 0.0150 0.0035 0.0185 0.0139 -0.0208 -0.0208 -0.0150 0.0498 -0.0382 0.0127 -0.0069 0.0255 0.0231 -0.0069 1.0000 -0.0231 0.0428 -0.0150
0.0347 -0.0081 0.0336 -0.0081 0.0301 0.0127 -0.0208 0.0405 -0.0185 -0.0440 -0.0116 -0.0301 0.0197 0.0394 -0.0243 -0.0035 0.0116 0.0324 -0.0046 -0.0023 -0.0428 0.0104 -0.0035 0.0359 -0.0278 -0.0208 0.0231 0.0255 -0.0231 1.0000 -0.0336 -0.0081
-0.0451 -0.0231 -0.0139 -0.0116 -0.0058 0.0671 -0.0243 0.0324 -0.0035 0.0266 0.0289 -0.0567 -0.0000 0.0243 -0.0116 0.0093 -0.0104 0.0312 -0.0174 -0.0289 0.0162 -0.0139 -0.0532 0.0417 0.0174 0.0035 0.0058 -0.0428 0.0428 -0.0336 1.0000 0.0093
-0.0312 -0.0093 -0.0046 -0.0162 0.0197 0.0370 0.0104 0.0139 0.0613 -0.0405 -0.0058 0.0012 -0.0116 -0.0012 -0.0046 0.0324 -0.0127 0.0243 0.0012 -0.0127 0.0231 -0.0069 0.0463 0.0139 0.0451 0.0220 -0.0081 0.0035 -0.0150 -0.0081 0.0093 1.0000
