0.0000 0.8879 0.9064 0.8930 0.9012 0.8920 0.8981 0.9120 0.8683 0.8657 0.8719 0.8812 0.8740 0.8915 0.8791 0.9002 0.8884 0.8801 0.8894 0.8714 0.8894 0.8920 0.8848 0.8740 0.8791 0.8601 0.8791 0.8837 0.9023 0.8868 0.8745 0.8765
0.8879 0.0000 0.9059 0.8843 0.8843 0.8899 0.8884 0.8920 0.8837 0.8735 0.8837 0.8832 0.8786 0.8899 0.8832 0.8760 0.8971 0.8632 0.8786 0.8837 0.8765 0.8945 0.8858 0.8755 0.8632 0.8863 0.8981 0.8909 0.8853 0.8786 0.8894 0.8997
0.9064 0.9059 0.0000 0.8755 0.8776 0.8889 0.8508 0.8832 0.8956 0.9048 0.8796 0.8724 0.8709 0.8673 0.8827 0.8812 0.8915 0.8873 0.8745 0.8570 0.8909 0.8745 0.8750 0.8843 0.8724 0.8853 0.8853 0.8894 0.8827 0.8930 0.8935 0.8971
0.8930 0.8843 0.8755 0.0000 0.8678 0.9115 0.8837 0.8873 0.8791 0.8837 0.8884 0.8981 0.8884 0.8745 0.9033 0.9074 0.8709 0.8930 0.8801 0.8704 0.8894 0.8843 0.8683 0.8827 0.8858 0.8786 0.8704 0.8951 0.8873 0.9043 0.9074 0.8899
0.9012 0.8843 0.8776 0.8678 0.0000 0.8843 0.8925 0.8843 0.8904 0.9012 0.8981 0.8837 0.8997 0.8632 0.8709 0.8930 0.8637 0.8981 0.8817 0.8899 0.8945 0.8781 0.8889 0.8740 0.8704 0.8920 0.8863 0.8786 0.8786 0.8992 0.9028 0.8894
0.8920 0.8899 0.8889 0.9115 0.8843 0.0000 0.8827 0.8899 0.8889 0.8863 0.8945 0.8832 0.8853 0.8760 0.8940 0.8750 0.9012 0.8858 0.8843 0.8765 0.8848 0.8848 0.8735 0.8971 0.8771 0.8724 0.8817 0.8832 0.8755 0.8796 0.8925 0.9069
0.8981 0.8884 0.8508 0.8837 0.8925 0.8827 0.0000 0.8940 0.8822 0.8827 0.8858 0.8915 0.9090 0.8956 0.8863 0.9074 0.8729 0.8915 0.8735 0.8904 0.8966 0.8750 0.8889 0.8971 0.8657 0.8981 0.8837 0.8884 0.8519 0.8817 0.8796 0.8909
0.9120 0.8920 0.8832 0.8873 0.8843 0.8899 0.8940 0.0000 0.8956 0.9059 0.8858 0.9048 0.8951 0.8817 0.8997 0.8976 0.9110 0.8591 0.8791 0.8791 0.8992 0.8966 0.8699 0.8678 0.8930 0.8745 0.8848 0.8807 0.8837 0.8827 0.8807 0.8822
0.8683 0.8837 0.8956 0.8791 0.8904 0.8889 0.8822 0.8956 0.0000 0.8915 0.8812 0.8786 0.8771 0.8981 0.8858 0.8915 0.8925 0.8915 0.8925 0.8853 0.8765 0.8801 0.8904 0.8750 0.8765 0.8812 0.9064 0.8956 0.8940 0.8940 0.8755 0.8966
0.8657 0.8735 0.9048 0.8837 0.9012 0.8863 0.8827 0.9059 0.8915 0.0000 0.8889 0.8945 0.8894 0.8724 0.8765 0.8699 0.9110 0.8904 0.8750 0.8909 0.8642 0.8997 0.8987 0.8863 0.8873 0.8940 0.8884 0.8945 0.8843 0.8807 0.8992 0.8848
0.8719 0.8837 0.8796 0.8884 0.8981 0.8945 0.8858 0.8858 0.8812 0.8889 0.0000 0.8837 0.8884 0.8796 0.8745 0.8920 0.9100 0.8719 0.8843 0.8807 0.8935 0.8678 0.8909 0.8729 0.8704 0.8909 0.8904 0.8894 0.8657 0.8837 0.8951 0.8853
0.8812 0.8832 0.8724 0.8981 0.8837 0.8832 0.8915 0.9048 0.8786 0.8945 0.8837 0.0000 0.8791 0.8688 0.8966 0.8719 0.8699 0.8771 0.8745 0.8863 0.8915 0.8832 0.8868 0.8801 0.8925 0.8791 0.8709 0.8915 0.8853 0.8791 0.8791 0.8832
0.8740 0.8786 0.8709 0.8884 0.8997 0.8853 0.9090 0.8951 0.8771 0.8894 0.8884 0.8791 0.0000 0.8801 0.8688 0.8915 0.8879 0.8899 0.8992 0.8889 0.8709 0.8925 0.8971 0.8961 0.8647 0.8894 0.8909 0.8899 0.8925 0.8966 0.8971 0.8935
0.8915 0.8899 0.8673 0.8745 0.8632 0.8760 0.8956 0.8817 0.8981 0.8724 0.8796 0.8688 0.8801 0.0000 0.8899 0.9053 0.8971 0.8868 0.8956 0.8879 0.8817 0.8616 0.8889 0.8812 0.8832 0.8899 0.8652 0.8812 0.8745 0.8771 0.8915 0.9059
0.8791 0.8832 0.8827 0.9033 0.8709 0.8940 0.8863 0.8997 0.8858 0.8765 0.8745 0.8966 0.8688 0.8899 0.0000 0.8940 0.9002 0.8740 0.8781 0.8909 0.8832 0.8699 0.8997 0.8945 0.8832 0.8776 0.8879 0.8591 0.8807 0.8879 0.8884 0.8853
0.9002 0.8760 0.8812 0.9074 0.8930 0.8750 0.9074 0.8976 0.8915 0.8699 0.8920 0.8719 0.8915 0.9053 0.8940 0.0000 0.8837 0.8822 0.8884 0.8714 0.8894 0.9028 0.8879 0.8889 0.8786 0.8781 0.8776 0.8704 0.8755 0.8843 0.8750 0.8884
0.8884 0.8971 0.8915 0.8709 0.8637 0.9012 0.8729 0.9110 0.8925 0.9110 0.9100 0.8699 0.8879 0.8971 0.9002 0.8837 0.0000 0.8827 0.8807 0.8899 0.8817 0.8853 0.8755 0.8786 0.9048 0.8822 0.8843 0.8791 0.8642 0.8812 0.8868 0.8966
0.8801 0.8632 0.8873 0.8930 0.8981 0.8858 0.8915 0.8591 0.8915 0.8904 0.8719 0.8771 0.8899 0.8868 0.8740 0.8822 0.8827 0.0000 0.8714 0.8925 0.8853 0.8740 0.9069 0.8889 0.8889 0.8724 0.8925 0.8884 0.8580 0.8704 0.8884 0.9095
0.8894 0.8786 0.8745 0.8801 0.8817 0.8843 0.8735 0.8791 0.8925 0.8750 0.8843 0.8745 0.8992 0.8956 0.8781 0.8884 0.8807 0.8714 0.0000 0.8966 0.8755 0.8987 0.8966 0.8992 0.8729 0.8632 0.8796 0.8858 0.8719 0.8925 0.8807 0.8884
0.8714 0.8837 0.8570 0.8704 0.8899 0.8765 0.8904 0.8791 0.8853 0.8909 0.8807 0.8863 0.8889 0.8879 0.8909 0.8714 0.8899 0.8925 0.8966 0.0000 0.9007 0.9084 0.8940 0.9017 0.8596 0.8915 0.9007 0.8889 0.8812 0.8868 0.9187 0.8925
0.8894 0.8765 0.8909 0.8894 0.8945 0.8848 0.8966 0.8992 0.8765 0.8642 0.8935 0.8915 0.8709 0.8817 0.8832 0.8894 0.8817 0.8853 0.8755 0.9007 0.0000 0.8925 0.8735 0.8812 0.8868 0.8776 0.8961 0.9084 0.8992 0.8915 0.8755 0.8904
0.8920 0.8945 0.8745 0.8843 0.8781 0.8848 0.8750 0.8966 0.8801 0.8997 0.8678 0.8832 0.8925 0.8616 0.8699 0.9028 0.8853 0.8740 0.8987 0.9084 0.8925 0.0000 0.8925 0.8745 0.8508 0.8699 0.8858 0.8843 0.8904 0.8884 0.8776 0.8683
0.8848 0.8858 0.8750 0.8683 0.8889 0.8735 0.8889 0.8699 0.8904 0.8987 0.8909 0.8868 0.8971 0.8889 0.8997 0.8879 0.8755 0.9069 0.8966 0.8940 0.8735 0.8925 0.0000 0.8873 0.9017 0.8807 0.8930 0.8858 0.8899 0.8771 0.8796 0.8678
0.8740 0.8755 0.8843 0.8827 0.8740 0.8971 0.8971 0.8678 0.8750 0.8863 0.8729 0.8801 0.8961 0.8812 0.8945 0.8889 0.8786 0.8889 0.8992 0.9017 0.8812 0.8745 0.8873 0.0000 0.8796 0.8863 0.8848 0.8673 0.8915 0.8961 0.8966 0.8981
0.8791 0.8632 0.8724 0.8858 0.8704 0.8771 0.8657 0.8930 0.8765 0.8873 0.8704 0.8925 0.8647 0.8832 0.8832 0.8786 0.9048 0.8889 0.8729 0.8596 0.8868 0.8508 0.9017 0.8796 0.0000 0.8997 0.8935 0.8899 0.8909 0.8894 0.8940 0.8822
0.8601 0.8863 0.8853 0.8786 0.8920 0.8724 0.8981 0.8745 0.8812 0.8940 0.8909 0.8791 0.8894 0.8899 0.8776 0.8781 0.8822 0.8724 0.8632 0.8915 0.8776 0.8699 0.8807 0.8863 0.8997 0.0000 0.8765 0.8776 0.8673 0.8796 0.8863 0.8760
0.8791 0.8981 0.8853 0.8704 0.8863 0.8817 0.8837 0.8848 0.9064 0.8884 0.8904 0.8709 0.8909 0.8652 0.8879 0.8776 0.8843 0.8925 0.8796 0.9007 0.8961 0.8858 0.8930 0.8848 0.8935 0.8765 0.0000 0.8966 0.8729 0.8832 0.8894 0.8683
0.8837 0.8909 0.8894 0.8951 0.8786 0.8832 0.8884 0.8807 0.8956 0.8945 0.8894 0.8915 0.8899 0.8812 0.8591 0.8704 0.8791 0.8884 0.8858 0.8889 0.9084 0.8843 0.8858 0.8673 0.8899 0.8776 0.8966 0.0000 0.8740 0.8724 0.8673 0.8848
0.9023 0.8853 0.8827 0.8873 0.8786 0.8755 0.8519 0.8837 0.8940 0.8843 0.8657 0.8853 0.8925 0.8745 0.8807 0.8755 0.8642 0.8580 0.8719 0.8812 0.8992 0.8904 0.8899 0.8915 0.8909 0.8673 0.8729 0.8740 0.0000 0.9012 0.8796 0.8894
0.8868 0.8786 0.8930 0.9043 0.8992 0.8796 0.8817 0.8827 0.8940 0.8807 0.8837 0.8791 0.8966 0.8771 0.8879 0.8843 0.8812 0.8704 0.8925 0.8868 0.8915 0.8884 0.8771 0.8961 0.8894 0.8796 0.8832 0.8724 0.9012 0.0000 0.8930 0.8750
0.8745 0.8894 0.8935 0.9074 0.9028 0.8925 0.8796 0.8807 0.8755 0.8992 0.8951 0.8791 0.8971 0.8915 0.8884 0.8750 0.8868 0.8884 0.8807 0.9187 0.8755 0.8776 0.8796 0.8966 0.8940 0.8863 0.8894 0.8673 0.8796 0.8930 0.0000 0.8688
0.8765 0.8997 0.8971 0.8899 0.8894 0.9069 0.8909 0.8822 0.8966 0.8848 0.8853 0.8832 0.8935 0.9059 0.8853 0.8884 0.8966 0.9095 0.8884 0.8925 0.8904 0.8683 0.8678 0.8981 0.8822 0.8760 0.8683 0.8848 0.8894 0.8750 0.8688 0.0000
