0.0000 0.2027 0.2197 0.2135 0.2269 0.2248 0.2238 0.2181 0.2279 0.2387 0.2088 0.2366 0.2155 0.2274 0.2150 0.2413 0.2253 0.2135 0.2227 0.2289 0.2160 0.2130 0.2227 0.2063 0.2114 0.2166 0.2140 0.2181 0.2263 0.2191 0.2310 0.3241
0.2027 0.0000 0.1317 0.1229 0.1348 0.1394 0.1286 0.1245 0.1389 0.1502 0.1147 0.1456 0.1235 0.1312 0.1229 0.1574 0.1240 0.1214 0.1291 0.1379 0.1224 0.1116 0.1235 0.1070 0.1163 0.1229 0.1121 0.1250 0.1368 0.1296 0.1337 0.2407
0.2197 0.1317 0.0000 0.1080 0.1317 0.1322 0.1245 0.1199 0.1384 0.1430 0.1024 0.1363 0.1199 0.1235 0.1147 0.1507 0.1255 0.1193 0.1199 0.1373 0.1255 0.1085 0.1214 0.1013 0.1137 0.1096 0.1039 0.1193 0.1307 0.1240 0.1317 0.2341
0.2135 0.1229 0.1080 0.0000 0.1111 0.1245 0.1049 0.1091 0.1224 0.1260 0.0910 0.1235 0.1019 0.1091 0.0977 0.1358 0.1049 0.1055 0.1039 0.1168 0.1075 0.0936 0.1065 0.0818 0.0972 0.0844 0.0900 0.1008 0.1116 0.1070 0.1137 0.2284
0.2269 0.1348 0.1317 0.1111 0.0000 0.1224 0.1204 0.1152 0.1322 0.1348 0.0977 0.1301 0.1055 0.1152 0.1121 0.1476 0.1121 0.1121 0.1204 0.1348 0.1204 0.1029 0.1173 0.0957 0.1085 0.1116 0.0983 0.1137 0.1106 0.1152 0.1229 0.2212
0.2248 0.1394 0.1322 0.1245 0.1224 0.0000 0.1183 0.1183 0.1384 0.1492 0.1106 0.1327 0.1111 0.1193 0.1178 0.1543 0.1286 0.1229 0.1291 0.1425 0.1265 0.1127 0.1276 0.0977 0.1147 0.1157 0.1127 0.1240 0.1327 0.1276 0.1332 0.2305
0.2238 0.1286 0.1245 0.1049 0.1204 0.1183 0.0000 0.0916 0.1024 0.1291 0.0977 0.1332 0.1065 0.1142 0.1060 0.1337 0.1116 0.1055 0.1137 0.1271 0.1121 0.0977 0.1013 0.0854 0.1034 0.1044 0.0977 0.0972 0.1229 0.1106 0.1173 0.2197
0.2181 0.1245 0.1199 0.1091 0.1152 0.1183 0.0916 0.0000 0.1163 0.1276 0.0957 0.1240 0.1065 0.1121 0.1055 0.1363 0.1116 0.1060 0.1111 0.1209 0.1101 0.0967 0.1055 0.0880 0.1024 0.1034 0.0957 0.1055 0.1219 0.1116 0.1204 0.2269
0.2279 0.1389 0.1384 0.1224 0.1322 0.1384 0.1024 0.1163 0.0000 0.1337 0.1065 0.1461 0.1173 0.1240 0.1173 0.1538 0.1229 0.1178 0.1229 0.1409 0.1240 0.1111 0.1209 0.1008 0.1137 0.1132 0.1075 0.1163 0.1312 0.1271 0.1337 0.2371
0.2387 0.1502 0.1430 0.1260 0.1348 0.1492 0.1291 0.1276 0.1337 0.0000 0.1127 0.1451 0.1240 0.1281 0.1250 0.1590 0.1301 0.1255 0.1307 0.1415 0.1260 0.1168 0.1296 0.1091 0.1235 0.1163 0.1121 0.1224 0.1358 0.1327 0.1379 0.2402
0.2088 0.1147 0.1024 0.0910 0.0977 0.1106 0.0977 0.0957 0.1065 0.1127 0.0000 0.1085 0.0869 0.0838 0.0900 0.1193 0.0947 0.0921 0.0972 0.1116 0.0977 0.0808 0.0941 0.0725 0.0869 0.0895 0.0736 0.0895 0.1029 0.0952 0.1039 0.2099
0.2366 0.1456 0.1363 0.1235 0.1301 0.1327 0.1332 0.1240 0.1461 0.1451 0.1085 0.0000 0.1163 0.1286 0.1255 0.1559 0.1332 0.1265 0.1337 0.1451 0.1296 0.1157 0.1291 0.1085 0.1219 0.1193 0.1168 0.1265 0.1322 0.1286 0.1384 0.2485
0.2155 0.1235 0.1199 0.1019 0.1055 0.1111 0.1065 0.1065 0.1173 0.1240 0.0869 0.1163 0.0000 0.1003 0.0962 0.1337 0.1075 0.1003 0.1085 0.1188 0.1060 0.0838 0.1039 0.0833 0.0957 0.0931 0.0916 0.1013 0.1070 0.1044 0.1152 0.2299
0.2274 0.1312 0.1235 0.1091 0.1152 0.1193 0.1142 0.1121 0.1240 0.1281 0.0838 0.1286 0.1003 0.0000 0.1049 0.1343 0.1049 0.1049 0.1080 0.1271 0.1147 0.0931 0.1106 0.0880 0.0988 0.1049 0.0967 0.1044 0.1163 0.1101 0.1199 0.2233
0.2150 0.1229 0.1147 0.0977 0.1121 0.1178 0.1060 0.1055 0.1173 0.1250 0.0900 0.1255 0.0962 0.1049 0.0000 0.1178 0.1024 0.1008 0.1008 0.1157 0.1075 0.0900 0.1013 0.0787 0.0947 0.0977 0.0895 0.0998 0.1152 0.1055 0.1044 0.2217
0.2413 0.1574 0.1507 0.1358 0.1476 0.1543 0.1337 0.1363 0.1538 0.1590 0.1193 0.1559 0.1337 0.1343 0.1178 0.0000 0.1101 0.1368 0.1358 0.1445 0.1404 0.1229 0.1384 0.1173 0.1312 0.1322 0.1229 0.1276 0.1492 0.1420 0.1445 0.2500
0.2253 0.1240 0.1255 0.1049 0.1121 0.1286 0.1116 0.1116 0.1229 0.1301 0.0947 0.1332 0.1075 0.1049 0.1024 0.1101 0.0000 0.1024 0.1044 0.1271 0.1106 0.0921 0.1080 0.0890 0.1019 0.1060 0.0941 0.1039 0.1229 0.1106 0.1085 0.2243
0.2135 0.1214 0.1193 0.1055 0.1121 0.1229 0.1055 0.1060 0.1178 0.1255 0.0921 0.1265 0.1003 0.1049 0.1008 0.1368 0.1024 0.0000 0.1070 0.1214 0.1096 0.0844 0.1013 0.0813 0.0895 0.1013 0.0905 0.0988 0.1173 0.1039 0.1060 0.2130
0.2227 0.1291 0.1199 0.1039 0.1204 0.1291 0.1137 0.1111 0.1229 0.1307 0.0972 0.1337 0.1085 0.1080 0.1008 0.1358 0.1044 0.1070 0.0000 0.1260 0.1106 0.0977 0.1091 0.0813 0.1008 0.1003 0.0967 0.1039 0.1224 0.1101 0.1039 0.2181
0.2289 0.1379 0.1373 0.1168 0.1348 0.1425 0.1271 0.1209 0.1409 0.1415 0.1116 0.1451 0.1188 0.1271 0.1157 0.1445 0.1271 0.1214 0.1260 0.0000 0.1245 0.1085 0.1199 0.1049 0.1163 0.1193 0.1075 0.1199 0.1343 0.1291 0.1353 0.2423
0.2160 0.1224 0.1255 0.1075 0.1204 0.1265 0.1121 0.1101 0.1240 0.1260 0.0977 0.1296 0.1060 0.1147 0.1075 0.1404 0.1106 0.1096 0.1106 0.1245 0.0000 0.0905 0.1116 0.0905 0.1049 0.1034 0.0900 0.1075 0.1204 0.1116 0.1199 0.2279
0.2130 0.1116 0.1085 0.0936 0.1029 0.1127 0.0977 0.0967 0.1111 0.1168 0.0808 0.1157 0.0838 0.0931 0.0900 0.1229 0.0921 0.0844 0.0977 0.1085 0.0905 0.0000 0.0880 0.0720 0.0833 0.0900 0.0751 0.0905 0.1075 0.0977 0.1003 0.2160
0.2227 0.1235 0.1214 0.1065 0.1173 0.1276 0.1013 0.1055 0.1209 0.1296 0.0941 0.1291 0.1039 0.1106 0.1013 0.1384 0.1080 0.1013 0.1091 0.1199 0.1116 0.0880 0.0000 0.0782 0.0931 0.1024 0.0921 0.1049 0.1204 0.1111 0.1157 0.2222
0.2063 0.1070 0.1013 0.0818 0.0957 0.0977 0.0854 0.0880 0.1008 0.1091 0.0725 0.1085 0.0833 0.0880 0.0787 0.1173 0.0890 0.0813 0.0813 0.1049 0.0905 0.0720 0.0782 0.0000 0.0679 0.0818 0.0694 0.0828 0.0988 0.0890 0.0957 0.2027
0.2114 0.1163 0.1137 0.0972 0.1085 0.1147 0.1034 0.1024 0.1137 0.1235 0.0869 0.1219 0.0957 0.0988 0.0947 0.1312 0.1019 0.0895 0.1008 0.1163 0.1049 0.0833 0.0931 0.0679 0.0000 0.0900 0.0869 0.0977 0.1096 0.0947 0.1070 0.2166
0.2166 0.1229 0.1096 0.0844 0.1116 0.1157 0.1044 0.1034 0.1132 0.1163 0.0895 0.1193 0.0931 0.1049 0.0977 0.1322 0.1060 0.1013 0.1003 0.1193 0.1034 0.0900 0.1024 0.0818 0.0900 0.0000 0.0864 0.0988 0.1101 0.1029 0.1121 0.2222
0.2140 0.1121 0.1039 0.0900 0.0983 0.1127 0.0977 0.0957 0.1075 0.1121 0.0736 0.1168 0.0916 0.0967 0.0895 0.1229 0.0941 0.0905 0.0967 0.1075 0.0900 0.0751 0.0921 0.0694 0.0869 0.0864 0.0000 0.0895 0.1039 0.0972 0.1029 0.2073
0.2181 0.1250 0.1193 0.1008 0.1137 0.1240 0.0972 0.1055 0.1163 0.1224 0.0895 0.1265 0.1013 0.1044 0.0998 0.1276 0.1039 0.0988 0.1039 0.1199 0.1075 0.0905 0.1049 0.0828 0.0977 0.0988 0.0895 0.0000 0.1142 0.1044 0.1065 0.2124
0.2263 0.1368 0.1307 0.1116 0.1106 0.1327 0.1229 0.1219 0.1312 0.1358 0.1029 0.1322 0.1070 0.1163 0.1152 0.1492 0.1229 0.1173 0.1224 0.1343 0.1204 0.1075 0.1204 0.0988 0.1096 0.1101 0.1039 0.1142 0.0000 0.1132 0.1301 0.2310
0.2191 0.1296 0.1240 0.1070 0.1152 0.1276 0.1106 0.1116 0.1271 0.1327 0.0952 0.1286 0.1044 0.1101 0.1055 0.1420 0.1106 0.1039 0.1101 0.1291 0.1116 0.0977 0.1111 0.0890 0.0947 0.1029 0.0972 0.1044 0.1132 0.0000 0.1029 0.2166
0.2310 0.1337 0.1317 0.1137 0.1229 0.1332 0.1173 0.1204 0.1337 0.1379 0.1039 0.1384 0.1152 0.1199 0.1044 0.1445 0.1085 0.1060 0.1039 0.1353 0.1199 0.1003 0.1157 0.0957 0.1070 0.1121 0.1029 0.1065 0.1301 0.1029 0.0000 0.1924
0.3241 0.2407 0.2341 0.2284 0.2212 0.2305 0.2197 0.2269 0.2371 0.2402 0.2099 0.2485 0.2299 0.2233 0.2217 0.2500 0.2243 0.2130 0.2181 0.2423 0.2279 0.2160 0.2222 0.2027 0.2166 0.2222 0.2073 0.2124 0.2310 0.2166 0.1924 0.0000
