1.0000 -0.8727 0.8542 -0.8588 0.8530 -0.8692 0.8588 -0.8333 0.8530 -0.8472 0.8588 -0.8657 0.8611 -0.8507 0.8588 -0.8472 0.8669 -0.8322 0.8519 -0.8542 0.8519 -0.8588 0.8657 -0.8646 0.8565 -0.8461 0.8461 -0.8461 0.8495 -0.8519 0.8368 -0.7766
-0.8727 1.0000 -0.9259 0.9306 -0.9317 0.9433 -0.9329 0.9074 -0.9271 0.9236 -0.9306 0.9398 -0.9282 0.9225 -0.9329 0.9213 -0.9433 0.9039 -0.9213 0.9236 -0.9282 0.9306 -0.9306 0.9363 -0.9259 0.9201 -0.9178 0.9178 -0.9259 0.9213 -0.9086 0.8414
0.8542 -0.9259 1.0000 -0.9282 0.9178 -0.9363 0.9329 -0.9097 0.9178 -0.9097 0.9190 -0.9398 0.9282 -0.9132 0.9259 -0.9190 0.9294 -0.8947 0.9144 -0.9144 0.9167 -0.9213 0.9213 -0.9271 0.9167 -0.9109 0.9109 -0.9086 0.9167 -0.9120 0.8993 -0.8438
-0.8588 0.9306 -0.9282 1.0000 -0.9363 0.9502 -0.9421 0.9236 -0.9340 0.9282 -0.9329 0.9560 -0.9444 0.9317 -0.9398 0.9375 -0.9456 0.9178 -0.9306 0.9329 -0.9352 0.9398 -0.9398 0.9456 -0.9329 0.9294 -0.9271 0.9271 -0.9329 0.9190 -0.9155 0.8553
0.8530 -0.9317 0.9178 -0.9363 1.0000 -0.9491 0.9363 -0.9109 0.9282 -0.9225 0.9340 -0.9433 0.9317 -0.9282 0.9340 -0.9271 0.9398 -0.9074 0.9248 -0.9271 0.9294 -0.9387 0.9387 -0.9398 0.9271 -0.9236 0.9213 -0.9213 0.9271 -0.9155 0.9120 -0.8495
-0.8692 0.9433 -0.9363 0.9502 -0.9491 1.0000 -0.9549 0.9248 -0.9421 0.9387 -0.9410 0.9525 -0.9456 0.9398 -0.9479 0.9387 -0.9537 0.9213 -0.9410 0.9410 -0.9433 0.9479 -0.9479 0.9537 -0.9433 0.9375 -0.9375 0.9352 -0.9410 0.9317 -0.9259 0.8611
0.8588 -0.9329 0.9329 -0.9421 0.9363 -0.9549 1.0000 -0.9352 0.9363 -0.9306 0.9352 -0.9468 0.9421 -0.9410 0.9421 -0.9329 0.9479 -0.9155 0.9375 -0.9375 0.9375 -0.9421 0.9421 -0.9479 0.9375 -0.9317 0.9317 -0.9294 0.9352 -0.9213 0.9178 -0.8530
-0.8333 0.9074 -0.9097 0.9236 -0.9109 0.9248 -0.9352 1.0000 -0.9248 0.9074 -0.9167 0.9306 -0.9190 0.9109 -0.9167 0.9120 -0.9225 0.8900 -0.9097 0.9167 -0.9144 0.9167 -0.9167 0.9225 -0.9097 0.9086 -0.9039 0.9039 -0.9167 0.9005 -0.8947 0.8322
0.8530 -0.9271 0.9178 -0.9340 0.9282 -0.9421 0.9363 -0.9248 1.0000 -0.9271 0.9271 -0.9387 0.9340 -0.9259 0.9340 -0.9271 0.9398 -0.9074 0.9248 -0.9271 0.9294 -0.9410 0.9340 -0.9398 0.9271 -0.9236 0.9213 -0.9236 0.9317 -0.9132 0.9097 -0.8472
-0.8472 0.9236 -0.9097 0.9282 -0.9225 0.9387 -0.9306 0.9074 -0.9271 1.0000 -0.9236 0.9329 -0.9259 0.9201 -0.9352 0.9190 -0.9433 0.9039 -0.9236 0.9236 -0.9259 0.9282 -0.9352 0.9363 -0.9213 0.9178 -0.9178 0.9178 -0.9259 0.9120 -0.9039 0.8438
0.8588 -0.9306 0.9190 -0.9329 0.9340 -0.9410 0.9352 -0.9167 0.9271 -0.9236 1.0000 -0.9491 0.9329 -0.9248 0.9352 -0.9259 0.9433 -0.9062 0.9236 -0.9306 0.9282 -0.9329 0.9329 -0.9387 0.9259 -0.9225 0.9225 -0.9201 0.9306 -0.9120 0.9132 -0.8461
-0.8657 0.9398 -0.9398 0.9560 -0.9433 0.9525 -0.9468 0.9306 -0.9387 0.9329 -0.9491 1.0000 -0.9537 0.9363 -0.9468 0.9421 -0.9502 0.9178 -0.9375 0.9375 -0.9398 0.9444 -0.9444 0.9502 -0.9375 0.9340 -0.9317 0.9317 -0.9375 0.9236 -0.9201 0.8600
0.8611 -0.9282 0.9282 -0.9444 0.9317 -0.9456 0.9421 -0.9190 0.9340 -0.9259 0.9329 -0.9537 1.0000 -0.9410 0.9375 -0.9375 0.9433 -0.9109 0.9306 -0.9306 0.9329 -0.9398 0.9375 -0.9433 0.9306 -0.9294 0.9248 -0.9248 0.9306 -0.9167 0.9178 -0.8576
-0.8507 0.9225 -0.9132 0.9317 -0.9282 0.9398 -0.9410 0.9109 -0.9259 0.9201 -0.9248 0.9363 -0.9410 1.0000 -0.9363 0.9248 -0.9398 0.9051 -0.9271 0.9248 -0.9271 0.9363 -0.9317 0.9375 -0.9271 0.9236 -0.9236 0.9213 -0.9271 0.9109 -0.9144 0.8449
0.8588 -0.9329 0.9259 -0.9398 0.9340 -0.9479 0.9421 -0.9167 0.9340 -0.9352 0.9352 -0.9468 0.9375 -0.9363 1.0000 -0.9306 0.9456 -0.9155 0.9306 -0.9329 0.9352 -0.9398 0.9398 -0.9456 0.9329 -0.9294 0.9271 -0.9271 0.9398 -0.9190 0.9201 -0.8530
-0.8472 0.9213 -0.9190 0.9375 -0.9271 0.9387 -0.9329 0.9120 -0.9271 0.9190 -0.9259 0.9421 -0.9375 0.9248 -0.9306 1.0000 -0.9363 0.9062 -0.9282 0.9259 -0.9282 0.9329 -0.9352 0.9363 -0.9236 0.9201 -0.9201 0.9225 -0.9236 0.9097 -0.9109 0.8484
0.8669 -0.9433 0.9294 -0.9456 0.9398 -0.9537 0.9479 -0.9225 0.9398 -0.9433 0.9433 -0.9502 0.9433 -0.9398 0.9456 -0.9363 1.0000 -0.9213 0.9363 -0.9410 0.9433 -0.9456 0.9479 -0.9537 0.9387 -0.9352 0.9352 -0.9329 0.9387 -0.9271 0.9213 -0.8611
-0.8322 0.9039 -0.8947 0.9178 -0.9074 0.9213 -0.9155 0.8900 -0.9074 0.9039 -0.9062 0.9178 -0.9109 0.9051 -0.9155 0.9062 -0.9213 1.0000 -0.9062 0.9062 -0.9086 0.9132 -0.9132 0.9190 -0.9062 0.9028 -0.9051 0.9074 -0.9086 0.8924 -0.8889 0.8264
0.8519 -0.9213 0.9144 -0.9306 0.9248 -0.9410 0.9375 -0.9097 0.9248 -0.9236 0.9236 -0.9375 0.9306 -0.9271 0.9306 -0.9282 0.9363 -0.9062 1.0000 -0.9282 0.9259 -0.9329 0.9352 -0.9410 0.9236 -0.9225 0.9201 -0.9178 0.9259 -0.9097 0.9062 -0.8414
-0.8542 0.9236 -0.9144 0.9329 -0.9271 0.9410 -0.9375 0.9167 -0.9271 0.9236 -0.9306 0.9375 -0.9306 0.9248 -0.9329 0.9259 -0.9410 0.9062 -0.9282 1.0000 -0.9375 0.9329 -0.9329 0.9410 -0.9282 0.9225 -0.9201 0.9201 -0.9282 0.9167 -0.9109 0.8507
0.8519 -0.9282 0.9167 -0.9352 0.9294 -0.9433 0.9375 -0.9144 0.9294 -0.9259 0.9282 -0.9398 0.9329 -0.9271 0.9352 -0.9282 0.9433 -0.9086 0.9259 -0.9375 1.0000 -0.9352 0.9375 -0.9410 0.9282 -0.9294 0.9271 -0.9225 0.9282 -0.9190 0.9109 -0.8507
-0.8588 0.9306 -0.9213 0.9398 -0.9387 0.9479 -0.9421 0.9167 -0.9410 0.9282 -0.9329 0.9444 -0.9398 0.9363 -0.9398 0.9329 -0.9456 0.9132 -0.9329 0.9329 -0.9352 1.0000 -0.9468 0.9456 -0.9352 0.9294 -0.9271 0.9271 -0.9329 0.9213 -0.9201 0.8530
0.8657 -0.9306 0.9213 -0.9398 0.9387 -0.9479 0.9421 -0.9167 0.9340 -0.9352 0.9329 -0.9444 0.9375 -0.9317 0.9398 -0.9352 0.9479 -0.9132 0.9352 -0.9329 0.9375 -0.9468 1.0000 -0.9479 0.9352 -0.9340 0.9271 -0.9271 0.9329 -0.9190 0.9155 -0.8553
-0.8646 0.9363 -0.9271 0.9456 -0.9398 0.9537 -0.9479 0.9225 -0.9398 0.9363 -0.9387 0.9502 -0.9433 0.9375 -0.9456 0.9363 -0.9537 0.9190 -0.9410 0.9410 -0.9410 0.9456 -0.9479 1.0000 -0.9410 0.9375 -0.9352 0.9375 -0.9387 0.9271 -0.9213 0.8611
0.8565 -0.9259 0.9167 -0.9329 0.9271 -0.9433 0.9375 -0.9097 0.9271 -0.9213 0.9259 -0.9375 0.9306 -0.9271 0.9329 -0.9236 0.9387 -0.9062 0.9236 -0.9282 0.9282 -0.9352 0.9352 -0.9410 1.0000 -0.9294 0.9201 -0.9225 0.9259 -0.9213 0.9109 -0.8438
-0.8461 0.9201 -0.9109 0.9294 -0.9236 0.9375 -0.9317 0.9086 -0.9236 0.9178 -0.9225 0.9340 -0.9294 0.9236 -0.9294 0.9201 -0.9352 0.9028 -0.9225 0.9225 -0.9294 0.9294 -0.9340 0.9375 -0.9294 1.0000 -0.9282 0.9213 -0.9225 0.9086 -0.9051 0.8403
0.8461 -0.9178 0.9109 -0.9271 0.9213 -0.9375 0.9317 -0.9039 0.9213 -0.9178 0.9225 -0.9317 0.9248 -0.9236 0.9271 -0.9201 0.9352 -0.9051 0.9201 -0.9201 0.9271 -0.9271 0.9271 -0.9352 0.9201 -0.9282 1.0000 -0.9236 0.9201 -0.9086 0.9074 -0.8426
-0.8461 0.9178 -0.9086 0.9271 -0.9213 0.9352 -0.9294 0.9039 -0.9236 0.9178 -0.9201 0.9317 -0.9248 0.9213 -0.9271 0.9225 -0.9329 0.9074 -0.9178 0.9201 -0.9225 0.9271 -0.9271 0.9375 -0.9225 0.9213 -0.9236 1.0000 -0.9248 0.9062 -0.9028 0.8380
0.8495 -0.9259 0.9167 -0.9329 0.9271 -0.9410 0.9352 -0.9167 0.9317 -0.9259 0.9306 -0.9375 0.9306 -0.9271 0.9398 -0.9236 0.9387 -0.9086 0.9259 -0.9282 0.9282 -0.9329 0.9329 -0.9387 0.9259 -0.9225 0.9201 -0.9248 1.0000 -0.9144 0.9086 -0.8461
-0.8519 0.9213 -0.9120 0.9190 -0.9155 0.9317 -0.9213 0.9005 -0.9132 0.9120 -0.9120 0.9236 -0.9167 0.9109 -0.9190 0.9097 -0.9271 0.8924 -0.9097 0.9167 -0.9190 0.9213 -0.9190 0.9271 -0.9213 0.9086 -0.9086 0.9062 -0.9144 1.0000 -0.9086 0.8391
0.8368 -0.9086 0.8993 -0.9155 0.9120 -0.9259 0.9178 -0.8947 0.9097 -0.9039 0.9132 -0.9201 0.9178 -0.9144 0.9201 -0.9109 0.9213 -0.8889 0.9062 -0.9109 0.9109 -0.9201 0.9155 -0.9213 0.9109 -0.9051 0.9074 -0.9028 0.9086 -0.9086 1.0000 -0.8588
-0.7766 0.8414 -0.8438 0.8553 -0.8495 0.8611 -0.8530 0.8322 -0.8472 0.8438 -0.8461 0.8600 -0.8576 0.8449 -0.8530 0.8484 -0.8611 0.8264 -0.8414 0.8507 -0.8507 0.8530 -0.8553 0.8611 -0.8438 0.8403 -0.8426 0.8380 -0.8461 0.8391 -0.8588 1.0000
