0.0000 0.0000 0.0068 0.0068 0.0087 0.0087 0.0068 0.0068 0.0068 0.0164 0.0093 0.0184
0.0000 0.0000 0.0068 0.0068 0.0087 0.0087 0.0068 0.0068 0.0068 0.0164 0.0093 0.0184
0.0068 0.0068 0.0000 0.0000 0.0025 0.0025 0.0000 0.0000 0.0000 0.0095 0.0025 0.0116
0.0068 0.0068 0.0000 0.0000 0.0025 0.0025 0.0000 0.0000 0.0000 0.0095 0.0025 0.0116
0.0087 0.0087 0.0025 0.0025 0.0000 0.0000 0.0025 0.0025 0.0025 0.0120 0.0050 0.0141
0.0087 0.0087 0.0025 0.0025 0.0000 0.0000 0.0025 0.0025 0.0025 0.0120 0.0050 0.0141
0.0068 0.0068 0.0000 0.0000 0.0025 0.0025 0.0000 0.0000 0.0000 0.0095 0.0025 0.0116
0.0068 0.0068 0.0000 0.0000 0.0025 0.0025 0.0000 0.0000 0.0000 0.0095 0.0025 0.0116
0.0068 0.0068 0.0000 0.0000 0.0025 0.0025 0.0000 0.0000 0.0000 0.0095 0.0025 0.0116
0.0164 0.0164 0.0095 0.0095 0.0120 0.0120 0.0095 0.0095 0.0095 0.0000 0.0116 0.0025
0.0093 0.0093 0.0025 0.0025 0.0050 0.0050 0.0025 0.0025 0.0025 0.0116 0.0000 0.0095
0.0184 0.0184 0.0116 0.0116 0.0141 0.0141 0.0116 0.0116 0.0116 0.0025 0.0095 0.0000
