0.0000 0.9544 0.9433 0.9760 0.9554 0.9682 0.9619 0.9589 0.9511 0.9364 0.9482 0.9733
0.9544 0.0000 0.9626 0.9587 0.9632 0.9530 0.9550 0.9667 0.9574 0.9661 0.9617 0.9592
0.9433 0.9626 0.0000 0.9674 0.9494 0.9492 0.9572 0.9557 0.9705 0.9610 0.9616 0.9628
0.9760 0.9587 0.9674 0.0000 0.9592 0.9516 0.9616 0.9607 0.9588 0.9658 0.9651 0.9684
0.9554 0.9632 0.9494 0.9592 0.0000 0.9564 0.9536 0.9507 0.9460 0.9654 0.9525 0.9537
0.9682 0.9530 0.9492 0.9516 0.9564 0.0000 0.9583 0.9670 0.9501 0.9715 0.9670 0.9528
0.9619 0.9550 0.9572 0.9616 0.9536 0.9583 0.0000 0.9616 0.9677 0.9595 0.9575 0.9691
0.9589 0.9667 0.9557 0.9607 0.9507 0.9670 0.9616 0.0000 0.9555 0.9574 0.9655 0.9539
0.9511 0.9574 0.9705 0.9588 0.9460 0.9501 0.9677 0.9555 0.0000 0.9519 0.9527 0.9541
0.9364 0.9661 0.9610 0.9658 0.9654 0.9715 0.9595 0.9574 0.9519 0.0000 0.9587 0.9633
0.9482 0.9617 0.9616 0.9651 0.9525 0.9670 0.9575 0.9655 0.9527 0.9587 0.0000 0.9463
0.9733 0.9592 0.9628 0.9684 0.9537 0.9528 0.9691 0.9539 0.9541 0.9633 0.9463 0.0000
