0.0000 0.0117 0.0000 0.0117 0.0117 0.0117 0.0256 0.0117 0.0256 0.0117 0.0117 0.0117
0.0117 0.0000 0.0117 0.0000 0.0000 0.0000 0.0139 0.0000 0.0139 0.0000 0.0000 0.0000
0.0000 0.0117 0.0000 0.0117 0.0117 0.0117 0.0256 0.0117 0.0256 0.0117 0.0117 0.0117
0.0117 0.0000 0.0117 0.0000 0.0000 0.0000 0.0139 0.0000 0.0139 0.0000 0.0000 0.0000
0.0117 0.0000 0.0117 0.0000 0.0000 0.0000 0.0139 0.0000 0.0139 0.0000 0.0000 0.0000
0.0117 0.0000 0.0117 0.0000 0.0000 0.0000 0.0139 0.0000 0.0139 0.0000 0.0000 0.0000
0.0256 0.0139 0.0256 0.0139 0.0139 0.0139 0.0000 0.0139 0.0000 0.0139 0.0139 0.0139
0.0117 0.0000 0.0117 0.0000 0.0000 0.0000 0.0139 0.0000 0.0139 0.0000 0.0000 0.0000
0.0256 0.0139 0.0256 0.0139 0.0139 0.0139 0.0000 0.0139 0.0000 0.0139 0.0139 0.0139
0.0117 0.0000 0.0117 0.0000 0.0000 0.0000 0.0139 0.0000 0.0139 0.0000 0.0000 0.0000
0.0117 0.0000 0.0117 0.0000 0.0000 0.0000 0.0139 0.0000 0.0139 0.0000 0.0000 0.0000
0.0117 0.0000 0.0117 0.0000 0.0000 0.0000 0.0139 0.0000 0.0139 0.0000 0.0000 0.0000
