1.0000 -0.9792 0.9779 -0.9805 0.9805 -0.9714 0.9674 -0.9753 0.9792 -0.9805 0.9818 -0.9766
-0.9792 1.0000 -0.9883 0.9909 -0.9909 0.9818 -0.9779 0.9857 -0.9896 0.9909 -0.9922 0.9870
0.9779 -0.9883 1.0000 -0.9896 0.9896 -0.9805 0.9766 -0.9844 0.9883 -0.9896 0.9909 -0.9857
-0.9805 0.9909 -0.9896 1.0000 -0.9922 0.9831 -0.9792 0.9870 -0.9909 0.9922 -0.9935 0.9883
0.9805 -0.9909 0.9896 -0.9922 1.0000 -0.9857 0.9818 -0.9870 0.9909 -0.9922 0.9935 -0.9883
-0.9714 0.9818 -0.9805 0.9831 -0.9857 1.0000 -0.9701 0.9779 -0.9818 0.9831 -0.9844 0.9792
0.9674 -0.9779 0.9766 -0.9792 0.9818 -0.9701 1.0000 -0.9792 0.9779 -0.9792 0.9805 -0.9857
-0.9753 0.9857 -0.9844 0.9870 -0.9870 0.9779 -0.9792 1.0000 -0.9857 0.9870 -0.9883 0.9857
0.9792 -0.9896 0.9883 -0.9909 0.9909 -0.9818 0.9779 -0.9857 1.0000 -0.9909 0.9922 -0.9870
-0.9805 0.9909 -0.9896 0.9922 -0.9922 0.9831 -0.9792 0.9870 -0.9909 1.0000 -0.9935 0.9883
0.9818 -0.9922 0.9909 -0.9935 0.9935 -0.9844 0.9805 -0.9883 0.9922 -0.9935 1.0000 -0.9896
-0.9766 0.9870 -0.9857 0.9883 -0.9883 0.9792 -0.9857 0.9857 -0.9870 0.9883 -0.9896 1.0000
