1.0000 -0.2826 0.3789 -0.2083 0.2526 -0.1458 0.2096 -0.0247 0.1758 -0.0651 0.1458 -0.0352
-0.2826 1.0000 -0.3411 0.3320 -0.1940 0.2565 -0.1562 0.1849 -0.1328 0.1315 -0.0482 0.1016
0.3789 -0.3411 1.0000 -0.4727 0.4310 -0.2669 0.2943 -0.1823 0.2578 -0.1445 0.1628 -0.0807
-0.2083 0.3320 -0.4727 1.0000 -0.4688 0.4427 -0.3060 0.2930 -0.2852 0.1953 -0.1224 0.0924
0.2526 -0.1940 0.4310 -0.4688 1.0000 -0.4557 0.3867 -0.2617 0.2852 -0.1875 0.1771 -0.1419
-0.1458 0.2565 -0.2669 0.4427 -0.4557 1.0000 -0.4544 0.4102 -0.3112 0.2604 -0.1823 0.1471
0.2096 -0.1562 0.2943 -0.3060 0.3867 -0.4544 1.0000 -0.4401 0.4297 -0.2930 0.2591 -0.1641
-0.0247 0.1849 -0.1823 0.2930 -0.2617 0.4102 -0.4401 1.0000 -0.4792 0.4310 -0.2513 0.2578
0.1758 -0.1328 0.2578 -0.2852 0.2852 -0.3112 0.4297 -0.4792 1.0000 -0.4909 0.3555 -0.2630
-0.0651 0.1315 -0.1445 0.1953 -0.1875 0.2604 -0.2930 0.4310 -0.4909 1.0000 -0.3724 0.4180
0.1458 -0.0482 0.1628 -0.1224 0.1771 -0.1823 0.2591 -0.2513 0.3555 -0.3724 1.0000 -0.3190
-0.0352 0.1016 -0.0807 0.0924 -0.1419 0.1471 -0.1641 0.2578 -0.2630 0.4180 -0.3190 1.0000
