0.0000 0.7056 0.8007 0.8206 0.8519 0.8773 0.8936 0.8995 0.9197 0.9068 0.9351 0.9532
0.7056 0.0000 0.6730 0.7626 0.8351 0.8589 0.8835 0.8784 0.8949 0.9186 0.9220 0.9347
0.8007 0.6730 0.0000 0.6413 0.7363 0.8229 0.8329 0.8660 0.8695 0.8976 0.9179 0.9230
0.8206 0.7626 0.6413 0.0000 0.6415 0.7554 0.8012 0.8373 0.8601 0.8670 0.9003 0.9332
0.8519 0.8351 0.7363 0.6415 0.0000 0.6139 0.7452 0.8070 0.8586 0.8596 0.9100 0.9249
0.8773 0.8589 0.8229 0.7554 0.6139 0.0000 0.6445 0.7191 0.8072 0.8262 0.8688 0.9030
0.8936 0.8835 0.8329 0.8012 0.7452 0.6445 0.0000 0.6911 0.7783 0.8166 0.8588 0.9052
0.8995 0.8784 0.8660 0.8373 0.8070 0.7191 0.6911 0.0000 0.6100 0.7735 0.8338 0.8868
0.9197 0.8949 0.8695 0.8601 0.8586 0.8072 0.7783 0.6100 0.0000 0.6412 0.7836 0.8723
0.9068 0.9186 0.8976 0.8670 0.8596 0.8262 0.8166 0.7735 0.6412 0.0000 0.6512 0.8275
0.9351 0.9220 0.9179 0.9003 0.9100 0.8688 0.8588 0.8338 0.7836 0.6512 0.0000 0.7080
0.9532 0.9347 0.9230 0.9332 0.9249 0.9030 0.9052 0.8868 0.8723 0.8275 0.7080 0.0000
