1.0000 -0.3997 0.3385 -0.2005 0.2630 -0.0898 0.1836 -0.0508 0.1328 0.0065 0.1133 0.0599
-0.3997 1.0000 -0.4258 0.3372 -0.2721 0.2240 -0.1953 0.1849 -0.1393 0.0990 -0.0521 0.0690
0.3385 -0.4258 1.0000 -0.4896 0.4453 -0.2435 0.3242 -0.1706 0.2422 -0.1055 0.1680 -0.0286
-0.2005 0.3372 -0.4896 1.0000 -0.5391 0.4102 -0.3633 0.3424 -0.2865 0.2148 -0.1732 0.1380
0.2630 -0.2721 0.4453 -0.5391 1.0000 -0.4570 0.4414 -0.3320 0.3672 -0.2253 0.2461 -0.0391
-0.0898 0.2240 -0.2435 0.4102 -0.4570 1.0000 -0.4661 0.4271 -0.3060 0.3073 -0.1953 0.1445
0.1836 -0.1953 0.3242 -0.3633 0.4414 -0.4661 1.0000 -0.4688 0.4466 -0.2630 0.2786 -0.0924
-0.0508 0.1849 -0.1706 0.3424 -0.3320 0.4271 -0.4688 1.0000 -0.4805 0.4115 -0.2578 0.2148
0.1328 -0.1393 0.2422 -0.2865 0.3672 -0.3060 0.4466 -0.4805 1.0000 -0.4440 0.3711 -0.1302
0.0065 0.0990 -0.1055 0.2148 -0.2253 0.3073 -0.2630 0.4115 -0.4440 1.0000 -0.4714 0.3242
0.1133 -0.0521 0.1680 -0.1732 0.2461 -0.1953 0.2786 -0.2578 0.3711 -0.4714 1.0000 -0.2982
0.0599 0.0690 -0.0286 0.1380 -0.0391 0.1445 -0.0924 0.2148 -0.1302 0.3242 -0.2982 1.0000
