1.0000 -0.6263 0.5716 -0.5547 0.5078 -0.4792 0.4701 -0.4518 0.4622 -0.3919 0.3307
-0.6263 1.0000 -0.7057 0.6758 -0.6211 0.5820 -0.5729 0.5443 -0.5599 0.4714 -0.3919
0.5716 -0.7057 1.0000 -0.8034 0.7227 -0.6758 0.6484 -0.6198 0.6276 -0.5755 0.4544
-0.5547 0.6758 -0.8034 1.0000 -0.7969 0.7370 -0.7174 0.6628 -0.6810 0.6159 -0.4922
0.5078 -0.6211 0.7227 -0.7969 1.0000 -0.7786 0.7305 -0.6680 0.6836 -0.6029 0.5078
-0.4792 0.5820 -0.6758 0.7370 -0.7786 1.0000 -0.7773 0.6992 -0.7148 0.6315 -0.5104
0.4701 -0.5729 0.6484 -0.7174 0.7305 -0.7773 1.0000 -0.7917 0.7604 -0.6510 0.5430
-0.4518 0.5443 -0.6198 0.6628 -0.6680 0.6992 -0.7917 1.0000 -0.7786 0.6458 -0.5352
0.4622 -0.5599 0.6276 -0.6810 0.6836 -0.7148 0.7604 -0.7786 1.0000 -0.7057 0.5690
-0.3919 0.4714 -0.5755 0.6159 -0.6029 0.6315 -0.6510 0.6458 -0.7057 1.0000 -0.6341
0.3307 -0.3919 0.4544 -0.4922 0.5078 -0.5104 0.5430 -0.5352 0.5690 -0.6341 1.0000
